1053.007032
16.77299701
1290.596888
2903.7
178906.5478
218.7949924
3393.802927
1521.555556
12.25
9.744443195
0.069214442
9.946745562
138.8780948
356.485293
0.25
32.60835991
64
14120
35057.83319
16.38841325
57.36111111
0.49199605
12.33899412
0.32433025
644.337408
14.0625
10.2963375
6.25
219.9065744
42.25
78.76459196
197.376675
0.707482993
13678
213.3333333
0.113335594
990.4035332
5.628755365
11203.22701
2624
8.951900911
11.7092
15.09023669
178186.9277
7241.2365
239
4.227272727
550.747024
0.460136111
761.1764706
19.47997439
20
132
3.493278612
0.147125
139529.8283
263.9897119
0.095272
122
0.308641975
3.0563
1.883876923
2761
60
747.4807256
136.1111111
54.86381105
1593.83
578.8357529
1269.387783
95.79177421
285.91138
2690
15808
245
236.9229527
36520.16265
11.68498
13.351716
100
2007.258979
9.757221893
7194.49
2
7.716049383
15.14077819
81
184.6870035
5596
0.794644898
4046.387876
972
206.9291102
95184.34569
728
49
303.5539598
1.397877384
6.675891859
20.86181504
153.1784254
8.482678961
13.8661632
287.5499733
317.301574
11.8336
2361
16.81
1119.215328
12.70586184
0.510204082
60
1.3689
413.7018837
72212.15376
34.4
216353.2281
52607.47977
8.506944444
3910.086934
1.508230591
0.423257892
39869.49858
45.75376884
1017.528844
4692
41.53616784
58910.79652
3.426090214
508.5691259
0.090125734
9.154503616
289.5346747
9.6865311
5.83059584
35.7
11262241.99
153.1784254
93.98212186
57.95477184
0.1225
1267.596156
3.4085
7.160074875
10.823058
3.355
9275.452132
6.990952828
1117.445982
3715.244396
73.99709041
59736.10461
6.25
338.192973
160622.2365
3.19
395.210233
83.93155286
3222.354167
12.88308
49321.24569
2388.258193
193.8316897
213.4956522
25.87069364
19108
381.0568986
0.658732782
408.0941345
5567.838974
5813.970444
0.800554017
2752
6753.65
112556.402
2.947834985
13.465
0.076295446
387.9971205
251.2912068
448.6354631
4984.111111
8506.465316
18418
135.5973944
1
64
3232.673611
964
23.29166667
2.295225
163884.9156
21.80546611
13.01095759
6306.25
21.55555556
11.3152
19.7493
158694.7289
918.6104077
2.453346295
3.81292517
45.79061209
5.805877396
206854.0701
8291.7053
2410
67122.36878
12.25
48.125
82.47372875
3623.120232
17937
64.06094633
4755.0712
10.22952736
597.9904601
3.834586466
67.45347028
1003.94285
190.5520953
1528.9189
665.4132231
4107
15.25908571
5753.559654
4
33.07741609
1564.526
62189.32343
5169.866831
312.6711986
545.7682676
4016
1.532842308
1.033127041
657.0311413
73.63322832
9.9092
43.08170972
49284
6489.91
30602.26598
103.04
1909.55748
11.670876
4374.675518
14.5284
0.3844
235.5840915
2691.673688
87.11111111
0.324676327
1232.07408
1.309423889
2511.152778
360
9.2113
169971.6109
6
926.8060109
16
12.7217
0.375425679
3.06122449
1045.372734
89.63558472
8105.390332
5.186666667
822.9248444
3.921052632
2
6
9138
1820
30.67455621
6549.7821
3.397859983
23.04213496
69.19802825
292.421875
8.121849799
8.236666667
4405.242036
10.4576
4529.222222
970.5586
20.93518519
174870.6584
4.447493925
604.5395995
7736.9498
1160.483075
0.087993176
0.309877778
1.282469388
912.8611111
177.4230769
212
144642.4952
5.724999953
0.26881186
223.9422687
2.187920731
7396
20.25
25.81328973
5.903952602
14.8537875
26
197.9261005
2504.16659
5831
1520.4569
128.8888889
13.351716
929.458
36.21301775
2948.9898
112682.1852
47651.77319
1039.574669
149.793449
3977.823272
425.7508367
14558
11.67073127
14
0.281961
228.8503602
70856.31466
1069912989
2
197.6411304
790.2120934
46
7042.47619
1806.777778
167.4
41360.79107
211.2400628
20.04203909
0.901840775
10.745
49
10
6
2776.730892
0.575216667
6367.6436
4.334120978
9858.095984
16.87168471
11.8336
34.57530223
15.8404
6814.8566
407.1833278
11309.00815
3360.668724
5184.648438
0.50055625
8.484675
46
7677.54
5.642857143
9.425
11.11111111