0.0
0.0
0.0
0.0
0.0
0.0
0.0
0.0
0.0
0.693147181
1.0
0.0472842710045228
-2.302585093
0.0
0.0
-1.262864322
0.0
0.0
1.0
1.0
0.0
0.0
0.0
0.0
0.0
0.0
0.0
0.0
0.0
0.0
0.0
0.0
0.0
0.0
0.0
0.0
0.0
0.0
0.0
0.0
0.0
0.0
0.0
0.0
0.0
0.0
0.0
0.0
0.0
0.0
0.0
0.0
0.0
8.210333790580703
6.71604938271605
0.0
0.0
0.0
0.0
0.0
0.0
0.0
2.0
0.0
0.0
0.0
0.0
0.0
0.0
0.0
0.0
2.032128
0.0
0.0
0.0
0.0
0.0
0.0
0.0
0.0
62.16748886
0.0
0.0
0.0
0.0
0.0
0.0
0.0
0.0
10.675561
0.0
0.0
0.0
0.0
0.0
0.0
0.0
0.0
9.6265
0.0
0.0
0.0
0.0
0.0
0.0
0.0
0.0
6.9005
0.0
0.0
0.0
0.0
0.0
0.0
0.0
0.0
0.042046405
0.0
0.0
0.0
0.0
0.0
0.0
0.0
0.0
115.5302523
0.0
0.0
0.0
0.0
0.0
0.0
0.0
0.0
0.0
0.0
0.0
0.0
0.0
0.0
0.0
0.0
0.0
0.0
1.0
1.0
1.0
1.0
1.0
1.0
1.235472004
1.376262626
1.052486283
1.0
1.0
0.9497354497354497
0.9296296296296296
0.9296296296296296
1.0
1.0
1.0
1.0
1.0
1.0
1.0
1.0
1.016064
1.016064
1.016064
1.016064
1.016064
1.016064
1.0160639999999999
1.0160639999999999
31.08374443
31.08374443
31.08374443
31.08374443
31.08374443
31.083744429999996
31.083744429999996
31.083744429999996
5.3377805
3.98286
6.718464
6.718464
6.718463999999999
6.718463999999999
6.718463999999999
6.718463999999997
4.81325
4.84
4.84
4.84
4.84
4.84
4.839999999999999
4.839999999999999
3.45025
4.62
4.84
4.84
4.84
4.84
4.839999999999999
4.839999999999999
0.042046405
0.444612905
0.310249
0.444612905
0.4446129048489998
0.4446129048489998
0.371403701
0.4446129048489999
82.98798629
92.98567957
139.2457403
140.570852
146.0096663
140.9454804
140.5187894
142.6470663
0.0
-7.996003581
-2.23841182513867
-1.464330134
-9.215306584
-2.733562916705232
-1.886253732432704
-5.674703223640356
-1.600853764
0.0
-101.3002777777778
-177.39682539682542
-503.6168295
-729.0764461247636
-298.7271352985639
-350.3877551020406
-438.7229917
-283.9055392
0.0
-18.36734694
-44.94490686
-145.19281663516068
-131.1511531190926
-100.9543462
-96.05456936226165
-70.7034845496384
-64.27504952
0.0
-190.270214
-185.391975308642
-245.66220495811967
-471.7218259
-273.72760187751373
-216.81757020652336
-371.5504744049514
-204.39759969596585
0.0
-828.2130178
-1392.621315
-2090.982249
-1809.3720982986763
-2243.609375
-2384.766944
-5340.101563
-887.4555766
0.0
-5587.085976
-7678.568677
-14001.18105
-8605.255936311078
-13089.94575
-14301.70116
-30308.97969
-5325.75371
0.0
-623.6285979
-3719.816379
-3331.385424
-10540.04161307704
-5395.918282
-3697.877232
-4812.098462263384
-3817.727219032262
0.0
-9.461574248
-11.408189142857148
-11.618300483846667
-24.981661
-10.326045877551014
-8.674753517428698
-15.07079911111106
-8.240187814506532
0.0
-11.80399869
-13.712958730158732
-18.66479061
-30.23973971
-14.614712925170064
-12.69543673469386
-19.43201279
-12.030481331747922
0.0
-13.48441009
-15.766825396825372
-19.470818933132986
-34.77297265
-15.710816326530614
-13.31157025
-22.5204
-12.755557669441142
0.0
-84.61546844
-33.25573632
-31.56643916
-33.473316543209066
-34.20587604
-32.52330526
-55.10171516
-18.137542404721508
0.0
-54.28361911181
-108.5694162400802
-123.828192
-160.855799
-137.7598448
-74.12911922407928
-116.85525871559696
-108.9370329
0.0
-0.1649439933528039
-0.064799485
-0.126081828
-0.1055933495315868
-0.081691241
-0.1086838617222302
-0.078814396
0.0
-9.248758127
-6.25
-12.13640604
-6.5625
-7.259753086
-10.52469136
-10.51039698
0.0
-3.06122449
-0.5
-0.4988662131519276
-0.402962963
-0.976331361
-0.9048295454545454
-0.6933333333333334
0.0
-9.852392452
-6.25
-12.22118389
-7.534722222222222
-8.497663271
-8.438715496983725
-10.22222222
0.0
-69.01775148
-66.29467456
-174.2485207
-46.90285714
-43.14633413
-150.0
-98.89076968
0.0
-465.590498
-419.4323586
-1166.765088
-217.2891673
-251.729726
-851.5087553
-561.2774017
0.0
-134.9065103
-27.04628128
-51.98458352
-45.2311247
-59.95464758
-87.05527968
-62.25569356
0.0
-1.460910222
-0.281961
-0.281868359375
-0.2804787499999999
-0.2151259557823127
-0.2661688888888888
-0.281945418
0.0
-0.802222222
-0.3844
-0.3843984374999998
-0.3767437499999998
-0.312576741
-0.422436
-0.4020802469135802
0.0
-1.056088889
-0.4225
-0.4221937499999999
-0.4168749999999999
-0.33650363
-0.4446706321022726
-0.4496052112029384
0.0
-42.30773422
-0.3695081812964692
-1.654978367
-0.419477231
-0.775699421
-1.195955486
-1.0693866729202282
0.0
-10.24514431
-1.38285408
-1.364881625994124
-1.7042846705386892
-1.832012425018522
-3.410869113991272
-2.9834449215335908
-1.206434207657705
-1.404858768
-1.385837032
-0.7817864661233511
-1.282204356
-1.5806035277071215
-1.963179292
-1.0
-1.473684211
-1.290023202
-1.2650602409638554
-1.207375164
-2.186612576
-2.080304807
-1.0
-0.6666666666666666
-0.6308933
-0.626373626
-1.30952381
-0.8156209987195903
-0.663755458515284
-1.093875481
-1.473684211
-1.1300738007380071
-1.099290780141844
-1.5972972384518973
-2.3935446493822203
-1.702967172
-1.555555556
-1.241935484
-1.1842105263157894
-1.3053435114503815
-1.312848772
-2.220087336
-1.737313433
-1.559248323
-1.224083606
-1.1748246821986317
-1.291399327030699
-1.328761203
-2.224242122
-1.700937349
-1.273709466
-1.0
-0.865706406
-0.965336093
-0.962426271
-1.500805976
-1.040580372
-1.0437952769190486
-1.352705411
-1.313908731
-1.142383077601384
-1.2318156366678967
-1.905593662
-1.721328397
-1.0051494848490985
-1.481651376
-1.361183178
-1.2605658838536982
-1.3869192989989534
-2.236657442
-1.936992151
-1.078582434514637
-1.437788018
-1.309748151
-1.2193784277879345
-1.3161668076321416
-2.058823529
-1.852504624
-1.0
-1.0
-0.870112876
-0.981830652
-0.776051422
-2.110912043
-1.019732331
-1.0
-1.0
-0.894504722082141
-0.646532235
-0.934696229
-1.216203768
-1.271535744
0.125203556
0.0
0.0
0.0
0.0
0.0
0.0
0.243654822
0.0
0.0
0.0
0.0
0.0
0.0
0.356353839
0.0
0.0
0.0
0.0
0.0
0.0
0.269093787
0.0
0.0
0.0
0.0
0.0
0.0
0.004244482
0.0
0.0
0.0
0.0
0.0
0.0
0.002654528
0.0
0.0
0.0
0.0
0.0
0.0
0.020572141
0.0
0.0
0.0
0.0
0.0
0.0
0.041414852
0.0
0.0
0.0
0.0
0.0
0.0
0.070525576
0.0
0.0
0.0
0.0
0.0
0.0
0.106725146
0.0
0.0
0.0
0.0
0.0
0.0
9.39e-05
0.0
0.0
0.0
0.0
0.0
0.0
1.71e-05
0.0
0.0
0.0
0.0
0.0
0.0
0.0
-0.8833631700161697
-2.0
-2.0
0.0
-0.11
1.531166734116822
0.206739614
1.11
0.89
1.118
0.898
5.685279763
5.465279763
2.702
1.056063047
2.31
1.494683626
2.31
1.280283096
0.2050522
0.2050522
10.36001
6.815156833
-6.88e-07
0.0
-2.0
0.0
0.0
0.0
0.126928011
-10.0
1.0
0.088912148
-2.302585093
0.0
0.0
-1.262864322
0.0
-2.000797981
0.0
0.0
0.0
0.126832923
-21.83134921
1.0
0.088912313
-2.302585093
0.0
0.0
-1.262864322
0.0
-0.790451895
0.0
0.0
0.0
0.374070585
-18.35374599
1.0
0.088983557
-2.302585093
0.0
0.0
-1.262864322
0.0
0.0
0.0
0.0
0.0
0.693147181
-1.022276455
1.0
0.088912485
-2.302585093
0.0
0.0
-1.262864322
0.0
0.0
0.0
0.0
0.0
0.693147181
-0.318181818
1.0
0.088910176
-2.302585093
0.0
0.0
-1.262864322
0.0
-0.024590164
0.0
0.0
0.0
0.680927681
-0.322510823
1.0
0.088903879
-2.302585093
0.0
0.0
-1.262864322
0.0
-7.144267655
0.0
0.0
0.0
0.000789065
-49.78553616
1.0
0.089001743
-2.302585093
0.0
0.0
-1.262864322
0.0
-0.086900495
0.0
0.0
0.0
0.650640598
-0.302838557
1.0
0.0889283
-2.302585093
0.0
0.0
-1.262864322
0.0
0.0
0.0
0.0
0.0
0.0
0.0
0.0
0.0
0.0
0.0
0.0
0.0
0.0
0.0
0.0
0.0
0.0
0.0
0.0
0.0
0.0
0.0
0.0
0.0
0.0
0.0
0.0
0.0
0.0
0.0
0.0
0.0
0.0
0.0
0.0
0.0
0.0
0.0
0.0
0.0
0.0
0.0
0.0
0.0
0.0
0.0
2.0
0.0
0.0
0.0
0.0
0.0
0.0
0.0
0.653445373
0.388000233
0.228905466
0.127814251
0.072304032
0.043060542
0.024708103
0.353553391
0.0
0.0
0.0
0.0
0.0
0.0
0.0
0.353553391
0.166666667
0.075243974
0.0457384398960485
0.029880895
0.014972749
0.007292275
0.333333333
0.167846141
0.541827804
1.205389658
1.525490196
1.452
0.122785749
0.95454828
0.166666667
0.083923071
0.270913902
0.68809177
0.762745098
0.726
0.122785749
0.752771951
0.0
0.0
0.0
0.0
0.0
0.693147181
1.0
0.088842713
-2.302585093
0.0
0.0
-1.262864322
0.0
0.0
0.0
0.0
0.0
0.0
0.0
0.0
0.0
0.0
0.0
0.0
0.0
0.0
0.0
0.0
0.0
0.0
0.0
0.0
0.0
0.0
0.0
0.0
0.0
0.0
0.0
0.0
0.0
0.0
0.0
0.0
0.0
0.0
0.0
0.0
0.0
0.0
0.0
0.0
0.0
0.0
0.0
0.0
0.0
0.0
0.0
0.0
0.0
0.0
0.0
0.0
0.0
0.0
0.0
0.0
0.0
0.0
0.0
0.0
0.0
0.0
0.0
0.0
0.0
0.0
0.0
0.0
0.0
0.0
0.0
0.0
0.0
0.0
0.0
0.0
0.0
0.0
0.0
0.0
0.0
0.0
0.0
0.0
0.0
0.0
0.0
-12.119568045150793
0.0
-0.25
0.0
-70.24165268430262
0.0
0.0
-26.972466885752134
-47.47615961
-1.044060112
-43.3653137
0.0
0.0
0.0
0.0
0.0
0.0
0.0
0.0
0.0
0.0
-1.1335938943478632
-5.186181973
0.0
-0.319259259
0.0
0.0
0.0
0.0
0.0
0.0
0.0
0.0
-3.4914388900775086
0.0
0.0
0.0
-10.77777778
0.0
0.0
0.0
0.0
-0.0308101851851856
-1.077076844
-20.82047859851521
0.0
0.0
0.0
0.0
0.0
0.0
0.0
0.0
0.0
0.0
0.0
0.0
0.0
0.0
0.0
0.0
0.0
0.0
0.0
0.0
0.0
0.0
0.0
0.0
0.0
0.0
0.0
0.0
0.0
0.0
0.0
0.0
0.0
0.0
0.0
0.0
0.0
0.0
0.0
0.0
0.0
0.0
0.0
0.0
0.0
0.0
0.0
0.0
-2.763405628
-0.230283802
-0.701080488
-0.137176099
-0.085786438
-0.017157288
-8.88e-16
-8.88e-17
0.0
0.0
0.278138528
0.256277056
0.38
0.278138528
0.265646259
-0.147575758
0.0
-1.77
-0.009369202
-65.0
-0.7045454545454546
0.0
0.0
0.0
0.0
0.0
0.0
0.0
0.0
0.0
0.0
0.0
0.0
0.0
0.0
0.0
0.0
0.0
0.0
0.0
0.0
0.0
0.0
0.0
0.0
0.0
0.0
0.0
0.0
0.0
0.0
0.0
0.0
0.0
-4.440892098500626e-16
-4.440892098500626e-16
-1.78e-15
-2.66e-15
0.0
0.0
0.0
0.0
0.0
0.0
0.0
0.0
0.0
0.0
0.0
0.0
2.0
0.666666667
0.64
0.0
0.0
-19.64385747
6.75
4.454395108
0.0
0.0
0.0
0.0
0.0
0.0
0.0
0.0
0.0
0.0
0.0
0.0
0.0
0.0
0.0
0.0
0.0
0.0
0.0
0.0
0.0
0.0
0.0
0.0
0.0
0.0
0.0
0.0
0.0
0.0
0.0
0.0
0.0
0.0
0.0
0.0
0.0
0.0
0.0
0.0
0.0
0.0
0.0
-1.972222222
-1.751342592592592
-1.299768519
-37.663558621843016
-55.96724699
-21.65987419134519
-70.24165268430262
-7.327317349468249
-20.82047859851521
0.0
1.0
1.0
0.0
0.0
0.0
0.0
0.0
0.0
0.0
0.0
0.0
0.0
0.0
0.0
0.0
0.0
0.0
0.0
0.0
0.0
0.0
1.0
0.0
0.0
0.0
0.0
0.0
0.0
0.0
0.0
0.0
0.0
0.693147181
0.2050522
0.0
0.0
0.0
0.0
0.0
0.0
0.0
0.0
0.0
0.0
0.0
0.0
0.0
0.0
0.0
0.0
0.0
0.0
0.0
0.0
0.0
0.0
0.0
0.0
0.0
0.0
0.0
0.0
0.0
0.0
0.0
0.0
0.0
0.0
0.0
0.0
0.0
0.0
0.0
0.0
0.0
0.0
0.0
0.0
0.0
0.0
0.0
0.0
0.0
0.0
0.0
0.0
0.0
0.0
0.0
0.0
0.0
0.0
0.0
0.0
0.0
0.0
0.0
0.0
0.0
0.0
0.0
0.0
0.0
0.0
0.0
0.0
0.0
0.0
0.0
0.0
0.0
0.0
0.0
0.0
0.0
0.0
0.0
0.0
0.0
0.0
0.0
0.0
0.0
0.0
0.0
0.0
0.0
0.0
0.0
0.0
0.0
0.0
0.0
0.0
0.0
0.0
0.0
0.0
0.0
0.0
0.0
0.0
0.0
0.0
0.0
0.0
0.0
0.0
0.0
0.0
0.0
0.0
0.0
0.0
0.0
0.0
0.0
0.0
0.0
0.0
0.0
0.0
0.0
0.0
0.0
0.0
0.0
0.0
0.0
0.0
0.0
0.0
0.0
0.0
0.0
-15.23060000000003
0.0
0.0
0.0
0.0
0.0
0.0
0.0
0.0
0.0
0.0
0.0
0.0
0.0
0.0
0.0
0.0
0.0
0.0
0.0
0.0
0.0
0.0
0.0
0.0
0.0
0.0
0.0
0.0
8.556458948
1.0
0.0
0.0
0.0
0.0
0.0
0.0
0.0
0.0
0.0
0.0
1.0
0.0
0.0
0.0
0.0
0.0
0.0
0.0
0.0
0.0
1.0
2.015650064
1.007825032
0.0
0.0
0.0
0.0
1.25
0.0
0.0
-10.47222222
0.0
0.0
0.0152735582583743
2.016
0.0
2.015650064
2.0
0.0
-0.411509522
-1.0
0.0
0.0
0.0
0.0
0.0
2.008
0.008
-0.411509522
-2.754874152674298
-0.2893
-2.996001962
0.8238
-1.631447758
-6.88e-07
0.0
0.0
0.0
0.0
0.0
0.0
0.0
0.0
0.0
0.0
0.0
0.0
0.0
-18.14
0.0
0.0
-27.04
-104.04
4.454395108
0.0
0.0
0.0
0.0
0.0
0.0
0.0
0.0
0.0
0.0
0.0
0.0
0.0
0.0
0.0
0.0
0.0
0.0
0.0
0.0
0.0
0.0
0.0
0.0
0.0
0.0
0.0
0.0
0.0
0.0
0.0
0.0
0.0
0.0
0.0
0.0
0.0
0.0
0.0
0.0
0.0
0.0
0.0
0.0
0.0
0.0
0.0
-1.972222222
-4.641975309
-1.751342592592592
-1.299768519
-37.663558621843016
-55.96724699
-21.65987419134519
-70.24165268430262
-7.327317349468249
-20.82047859851521
0.0
0.0
0.0
0.0
0.0
0.0
0.0
0.0
0.0
0.0
0.0
0.0
0.0
0.0
0.0
0.0
0.0
0.0
-15.23060000000003
0.0
0.0
0.0
0.0
0.0
0.0
0.0
0.0
0.0
0.0
0.0
0.0
0.0
0.0
0.0
0.0
0.0
0.0
0.0
0.0
0.0
0.0
0.0
0.0
0.0
0.0
0.0
0.0
0.0
0.0
0.0
0.0
0.0
0.0
0.0
0.0
0.0
0.0
0.0
0.0
0.0
0.0
0.0
0.0
0.0
0.0
0.0
0.0
0.0
0.0
0.0
0.0
0.0
0.0
0.0
0.0
0.0
0.0
0.0
0.0
0.0
0.0
0.0
0.0
0.0
0.0
0.0
0.0
0.0
0.0
0.0
0.0
0.0
0.0
0.0
0.0
0.0
0.0
0.0
0.0
0.0
0.0
0.0
0.0
0.0
0.0
