-1392.621315
-18.66479061
-623.6285979
0
0
-471.7218259
-5587.085976
0
4.84
-12.69543673
-0.108683862
-10.52469136
-34.20587604
-101.3002778
-0.498866213
0
0
0
0
0
-174.2485207
-0.064799485
-13.71295873
-0.215125956
-465.590498
-7.259753086
-22.5204
-12.13640604
-729.0764461
0
-87.05527968
-31.56643916
-0.976331361
0
1
-0.164943993
0
0
-14001.18105
0
-6.25
0.444612905
-8.438715497
0
0
1
1
-419.4323586
-0.37674375
0
-10.32604588
0
0
-9.248758127
-0.802222222
0
-185.3919753
-0.081691241
1
-0.402962963
0.444612905
-13.48441009
0
0
-887.4555766
-46.90285714
1.235472004
0
31.08374443
0
0
-177.3968254
0
0
1
140.5187894
0
4.84
6.718464
-98.89076968
-2090.982249
-34.77297265
0
0
-7.534722222
-11.61830048
0
-33.47331654
0
-0.4225
31.08374443
-2384.766944
-851.5087553
0
0
1.376262626
139.2457403
0
-1.464330134
-51.98458352
0
-30.23973971
6.718464
-273.7276019
-204.3975997
4.84
0
4.84
1.016064
-10.22222222
-0.5
0
0
31.08374443
0
0
0
0
-8.497663271
0
-5.674703224
-0.281945418
115.5302523
0
1.016064
0
0
0
0.444612905
-84.61546844
-0.10559335
-10.51039698
31.08374443
-11.40818914
-2.733562917
0
0
0
-108.5694162
-116.8552587
-1.056088889
-3331.385424
0.444612905
-15.07079911
6.718464
0.371403701
0
-8.674753517
0
-5395.918282
0
0
-12.22118389
0
0
0.310249
31.08374443
-137.7598448
0
4.84
0
-4812.098462
-438.7229917
0
-55.10171516
0
31.08374443
-3.06122449
0
-13089.94575
0
-0.693333333
0
0
0
0
4.84
-0.126081828
31.08374443
-350.3877551
-5340.101563
0
0
2
-62.25569356
0.047284271
1.052486283
0
0
1
0
0
-14.61471293
-8.240187815
0
1
4.84
-12.75555767
0
-33.25573632
0.444612905
1
-100.9543462
-24.981661
0
0
0
0
4.62
0.92962963
-160.855799
0
0
-108.9370329
0
0
1.016064
1
-32.52330526
1.016064
-216.8175702
9.6265
-828.2130178
0
3.45025
-3719.816379
0
-64.27504952
0
0
-7678.568677
31.08374443
-561.2774017
0
-11.80399869
-0.281961
0
-45.2311247
-13.31157025
-54.28361911
1.016064
0
-8605.255936
-69.01775148
0
6.718464
-5325.75371
4.81325
-0.384398437
-251.729726
-10540.04161
-66.29467456
-1.460910222
0
-9.461574248
0
1
4.84
0
0
1.016064
6.718464
6.718464
-0.422436
0
0
-123.828192
0
1
-217.2891673
1
0
0
0
0
-150
0
-1.600853764
-1.262864322
-59.95464758
-283.9055392
1
-190.270214
-3697.877232
4.84
0
0
-70.70348455
0
-2.302585093
82.98798629
0
0
-0.078814396
-0.28047875
0
6.716049383
1
1
0
0.693147181
-0.266168889
-371.5504744
-9.215306584
1
5.3377805
-15.71081633
-2.238411825
-15.7668254
0
140.9454804
0
0
6.9005
1
3.98286
0.042046405
-43.14633413
0
2.032128
62.16748886
-2243.609375
-74.12911922
0
-298.7271353
0
-18.1375424
0
-0.281868359
142.6470663
0
0
0
140.570852
1.016064
0
0
8.210333791
1
0
92.98567957
-19.47081893
-7.996003581
4.84
0
0
0
-3817.727219
-0.402080247
0
-1.886253732
0
-12.03048133
4.84
-145.1928166
4.84
0
-1166.765088
0
0
-1809.372098
-0.312576741
-19.43201279
0
0
1
4.84
-6.5625