95.79177421
73.99709041
6.0
10.0
153.1784254
2.947834985
5.628755364893831
153.1784254
1.397877384
5.724999953
8.121849799
1.0
4.447493925
1069912989.005221
11262241.989528645
23.04213496203347
60.0
60.0
239.0
122.0
2.0
14.0
46.0
132.0
0.0
81.0
20.0
46.0
4.0
2.0
6.0
6.0
4.0
3.0
6.0
2410.0
2222.0
3431.0
4107.0
4016.0
4692.0
4529.222222222223
4984.111111111111
5596.0
728.0
964.0
1820.0
2361.0
2690.0
2761.0
2582.0
2624.0
2752.0
1806.777778
912.8611111
1521.555556
2511.152778
3222.354167
3232.673611111111
2961.1875
3360.6687242798357
3910.086934156379
18418.0
5831.0
9138.0
13678.0
14558.0
14120.0
15808.0
17937.0
19108.0
112682.1852
22503.22262
35057.83319
49321.24569299999
62189.32343
52607.479771
58910.79652
67122.36878
70856.314663
47651.77319
59736.10461
95184.34569
139529.8283
163884.91563035836
158694.72890483448
144642.49522781136
160622.23650505312
169971.6109
1886.103213
1909.55748
3623.120232
5813.9704440000005
8506.465316
9858.095984
9275.452132
8105.390332000002
8291.705300000005
1528.9189
1593.83
2948.9898000000003
4755.071200000001
6814.8566
7736.9498
7241.236500000001
6367.643600000003
6549.782100000001
1520.4569
1564.526
2903.7000000000007
4702.110000000002
6753.65
7677.54
7194.490000000002
6306.25
6489.910000000002
3719.310016
408.0941345
657.0311413
970.558600041846
1232.0740801923291
1269.387783
1160.483075
1117.4459824566202
1154.5863751247855
39869.49858
36520.16265
72212.15376127283
112556.40202132254
174870.65844293946
216353.22810067047
206854.0701311461
178186.92774839344
178906.54783647653
64.0
36.0
49.0
15.813333333333333
34.4
26.0
42.25
35.7
6.0
6.0
5.642857143
5.186666667
4.227272727272728
3.921052632
3.8345864661654137
3.812925170068027
54.86381105
49.0
64.0
23.29166666666667
21.55555556
21.79166666666667
56.25
48.125
7396.0
212.0
167.4
360.0
177.4230769
128.8888889
245.0
213.33333333333331
49284.0
1003.94285
790.2120934
1783.787706
926.8060109
597.9904601
1119.215328
1017.528843765
4046.387876
578.8357529
381.0568986
387.9971205
312.6711986380232
289.5346747
413.7018836627819
395.210233
20.25
13.351716
16.0
10.823058
12.7217
11.670876
13.351716
13.8661632
14.5284
11.8336
15.8404
9.2113
11.3152
10.4576
11.8336
12.88308
15.25908571
12.25
16.81
9.424999999999995
11.68498
10.745
12.25
13.464999999999998
929.458
11.7092
3.19
3.4085
3.426090214
2.453346295
3.355
3.0563
604.5395995
211.2400628
303.5539598
197.6411304063
190.6090412
197.9261005
236.9229527
228.85036015729003
16.38841325
0.901840775
5.903952602
6.675891859
2.1879207307434525
5.83059584
4.334120978269833
1.5082305911960567
3.397859983
990.4035332
356.485293005671
285.91138
187.404432132964
219.9065744
425.7508367
251.2912068
193.8316897
292.421875
213.4956522
129.3740643
41.15997078
34.57530223
49.23912301
45.79061209
73.99939509
20.93518518518519
33.07741609040309
761.1764705882354
8.236666666666668
263.9897119341564
196.764718
218.7949924197946
287.5499733
190.55209534794312
223.9422686838277
317.3015739784205
7042.47619
665.4132231
1053.007032136106
2007.2589792060492
5184.648438
1039.5746691871457
972.0
448.6354631379961
747.4807256
41360.79107
3393.802927
5169.866831
11203.22701
30602.26598
5567.838974039703
5369.472285
2135.920184
4374.675518
11309.00815
1290.596888
5753.559654494515
1267.596156
2691.673688
3715.244396
4405.242036
2388.258193
2776.730892
32.60835991
1.3094238892733572
9.686531100000002
15.14077819
5.8058773964497
19.47997439
6.990952828
7.160074875000005
13.010957586776852
41.53616784
1.532842308
12.338994117647063
16.77299701
8.482678961209725
21.80546611
9.744443195
8.484675000000003
16.8716847107438
45.75376884
1.883876923
14.8537875
20.04203909
9.757221893491124
25.81328973
9.9092
10.296337499999993
19.7493
2504.16659
508.5691259
918.6104077
197.376675
184.6870035
138.8780948
67.45347028
25.87069364
11.67073127
338.192973
43.08170972
93.98212186147865
89.63558472242623
82.47372875
83.93155286
149.793449
57.95477184204327
64.06094633
2.0
0.113335594
0.49199605
0.0762954456376667
0.0901257337027635
0.0952719995273308
0.069214442
0.0879931760440991
10.22952736
3.493278612
7.843360768
6.25
11.111111111111112
14.0625
9.946745562
9.15450361604208
3.06122449
0.658732782
0.510204082
0.25
0.308641975
0.707482993
0.800554017
0.800554017
11.21773358
0.615877712
8.951900911
6.25
7.716049382716046
8.506944444444443
15.09023669
12.705861839849112
609.3333333
103.04
87.11111111
57.36111111
136.1111111
36.21301775
30.67455621
100.0
3977.823272
644.337408
550.747024
407.1833278
822.9248444
235.5840915
206.9291102
545.7682676
1045.372734
272.7672828
487.310899
20.86181504
73.63322832
69.19802825373138
78.76459196
135.5973944
2.295225
0.324676327
1.033127041
0.281961
0.3098777777777777
0.3243302500000001
0.26881186
0.4232578919753088
1.3689
0.147125
0.759387755
0.3844
0.4601361111111109
0.50055625
0.3754256790123454
0.5752166666666664
1.282469388
0.1225
0.794644898
0.4225
0.4899999999999996
0.5256249999999995
0.4373247530864194
0.6707317901234564
417.7936
127.1422815
153.1017346
5.717789323
6.601177499
7.724874017
9.115272496
6.312450955102516
18.60613861
2.246956757
9.710180172
1.114329027
1.504256535
1.547774028
3.897027308
1.995605803
0.180732012
1.077911743
1.0
0.8058760731102134
1.16402793473305
5.186446812
1.7802084360678772
0.629353234
0.9368355947272796
1.0
1.8867924528301887
2.710843373493976
2.602167183
1.703033268101762
0.7910674231428949
0.5
0.3333333333333333
1.25
1.5000000000000002
1.6351351351351355
1.285714286
0.553329307
1.013562325111588
1.0
1.1531365313653132
1.2803423236514522
5.020177165
2.0775460999212867
0.426136625
0.724637681
1.0
1.898876404494382
2.7557251908396947
2.382978723
1.8461538461538465
0.416846435
0.717889396
1.0
1.912626591834518
2.788766606162241
2.401150728
1.868088467977048
0.304920282
0.608046905
1.0
1.705925585452161
2.402087509138053
2.169642831
2.3763451336054007
0.52730592
1.0205292806150414
1.0
1.2010911414952468
1.320989162830434
4.845637584
2.077328239084021
0.421571948
1.0026422147103078
1.0
1.3982476428432755
1.6748363621154778
3.857479784
2.0525533264610254
0.472578432
1.0279675341910783
1.0
1.3243243243243237
1.5374771480804377
4.332475153
2.088714169756966
0.51059785
0.680259812
1.0
0.967529894
1.1783699324311754
1.537239774573778
1.41805293
0.559677947
0.700188982
1.0
0.79441983
0.964910137
1.715534427
1.221050133
3.5
3.129679218
2.976016502
2.051772891239012
3.728861985
4.364324604
4.757148954
3.5
2.508608668
3.107267159
2.572289156626506
3.089382716
5.218052738
4.25996483
3.5
2.915964814
2.475609756
2.344209289
2.476190476
2.659758204
2.408637873754153
3.5
1.973684211
2.691271552
2.914940022
4.46171897917278
7.969879518
5.872727273
3.555555556
2.020790021
3.227625772
2.618320610687023
3.000488281
5.403930131
4.168656716
3.5
1.992146715
3.23280029
2.6116894749998014
2.973958601
5.283686568
4.157930104
3.5
1.7669647884404671
3.307594656
2.22671503
1.948954857
2.785492535
2.2957823634333074
3.5
2.874516896
3.223914391
2.666384819
4.112494844070067
7.991675338
4.9863127013444615
3.5
2.288326802
3.317060589
2.508323932
3.783923687
7.828622257
4.734385144466779
3.5
2.550373662
3.360403195
2.591938572
3.840662526
7.963235294
4.85106040237567
3.5
2.677304157
3.31457797
2.312580166
2.603677393083288
4.84673788
3.942405185296887
3.5
1.924345633036804
2.950277113
1.703683056
1.909896497
2.511264318
2.680521672
0.6305436443767269
0.0
8.0
8.0
6.014492486
1.838814635
8.014309769
6.79
86.0
86.0
222.0
222.0
46.45276058
44.6022381
4.5
4.5
4.034900326
3.44
4.147517857
3.5
14.60638973
5.3
24.587387
24.587387
6.77185743951889
3314.997318858209
1662.284373714819
2485.07249325119
3324.388154437724
36.0
1662.284373714819
11.5
10.84728204
1.0
4.885350497
1571.717822
12.88293296
9.861360406
3315.827821820807
1662.6861306241246
2485.688547758464
3325.1921774854677
141.9833012
1662.6861306241246
11.46621664
10.84730213
1.0
4.885352349
1571.715418
12.88291326
9.861358877
4361.895784047104
2172.488047676548
3272.697543287188
4345.295334762417
41.01500695042939
2172.488047676548
0.538598798
10.85599396
1.0
4.886153318
1572.459616
12.88901324
9.861832258
3320.657916859884
1665.0702525710158
2489.4137205294624
3329.9615883819906
31.41473196586784
1665.0702525710158
11.43076081
10.84732318
1.0
4.88535429
1571.712902
12.88289264
9.861357276
3275.1965216013723
1642.6710117186788
2454.472239735753
3285.1505988744148
31.23999054
1642.6710117186788
11.90116279
10.84704152
1.0
4.885328324
1571.746842
12.88317084
9.86137887
3220.531934809771
1615.9369771768722
2413.0533263342422
3231.659953984989
31.10524312
1615.9369771768722
13.14285714
10.8462733
1.0
4.885257498
1571.842483
12.88395478
9.861439718
4852.578558359431
2406.473523115331
3626.308140783813
4813.69481061045
47.24511818301725
2406.473523115331
1.272413793
10.85821268
1.0
4.886357674
1574.52378
12.90593262
9.863144095
3147.495723874756
1578.1989868087935
2351.658609536783
3156.230006641308
31.66758481
1578.1989868087935
8.954365142409442
10.84925258
1.0
4.885532143
1571.497826
12.88112972
9.861220424
5967.702561
242.0
132.0
238.0
21.0
2.0
60.0
70.0
238.0
40.0
1.0
1.0
2.0
4.0
20.0
50.0
10.0
32.0
49.0
24.0
6.0
1.0
1.0
0.5773502691896257
0.7285015402222602
1.77664725
4.073372175490757
8.329972002
0.5773502691896257
0.6584480891877019
1.2554620013046962
2.601884031
4.772095545
18.088908882853104
6.123724357
16.11468107
7.68569964927439
11.58167346
2.25
7.105854101
2.56210854431069
52.93880783
80.19808677253835
142.75275414816946
29.676372820482086
42.36725948269908
66.56874761252597
90.87199956
57.85533759
55.58460072
48.26250744
35.73056108
30.11771635
21.72357025
16.26261693
1.0
1.0
0.7071067811865476
0.5
0.353553391
0.25
0.176776695
70.34599753
41.11137902
37.42550691
32.3458043
21.89850377215457
15.47124358
10.74871382
7.566888599
5.573336316
1.397990564
1.224744871
0.866025404
0.60345612
0.348720874
0.375
153.6666667
143.9499625
143.2097413
242.8940277
234.2470588
238.012
151.6950784
272.9729218
14.33333333
18.4830572
2.661942805
1.638747269
1.482352941
1.545142857
13.54491018
2.183546353
3683.665445431204
1841.8327227156012
2750.5400835374835
3683.665445431203
34.751560805954746
1841.8327227156012
10.83881096
1.0
4.884569252
1580.386675
12.95398914
9.866860779
0.0
0.0
0.0
0.0
0.0
0.0
24.0
4.0
50.0
1.0
14.0
24.0
37.0
2.0
4.0
21.0
40.0
12.0
23.0
0.0
5.0
0.0
2.0
14.0
3.0
2.0
0.0
4.0
6.0
4.0
4.0
4.0
2.0
25.0
20.0
18.0
2.0
6.0
0.0
0.0
0.0
2.0
0.0
0.0
0.0
2.0
0.0
2.0
2.0
3.0
2.0
1.0
4.0
6.0
0.0
0.0
0.0
0.0
0.0
0.0
0.0
0.0
0.0
0.0
0.0
0.0
0.0
0.0
0.0
4.0
0.0
0.0
0.0
0.0
3.0
0.0
0.0
0.0
0.0
0.0
0.0
0.0
0.0
0.0
0.0
36.76348897148498
15.33333968
58.62315308
5.210715667448222
30.74233307
47.22833333
7.110606825373342
4.553933401
10.767394770918331
11.14410473
13.47996901230345
12.69055556
1.580329048
0.0
29.955287320453717
0.0
14.751727732784698
30.53796670631544
9.518067965
17.903813162394023
0.0
16.47578318
26.08111111
8.077145485
0.0
4.81462963
2.203125
261.2015039
257.73542114063
113.03074030986726
11.02271259
74.1712358276644
0.0
0.0
0.0
0.0
0.0
0.0
0.0
0.0
0.0
7.941375489424869
8.897939237
6.222152778
3.347202827
0.0
0.0
35.69281596
0.0
0.0
0.0
0.0
0.0
0.0
0.0
0.0
0.0
0.0
0.0
0.0
0.0
0.0
0.0
13.42046871
0.0
0.0
0.0
0.0
6.761664531
0.0
0.0
0.0
0.0
25000000000.0
53.33333333
1.95
1.0
0.603174603174603
0.4285714285714286
170.25
1.875
80.25
0.7777777777777778
90.0
1.5
15.0
0.19047619
287.6483226284366
2.935186966
36.354724763712326
0.616397779
457.4145343
3.7492994610000006
57.35198676
0.5
297.7958835
2.440949865
35.37276503
0.445566895
4.977222814321877
0.5
5.751222814321877
0.5
1.45
0.25
2.15
2.15
0.458730159
2.15
2.15
1.77
0.1749360613810746
0.147575758
0.777777778
9.75
1.125
4.427364865
0.714
3.713364865
2662.46
0.6923076923076923
46.0
26.0
2.5709505944546684
4.432144436737991
5.9020448951637565
6.7758875133884455
7.02889504187129
7.213403366
397.4178514
917.7413421
1291.274147
1534.980405
1669.209417
1724.003405
1.0
1.0
1.0000000000000002
1.0000000000000002
1.0000000000000002
1.0000000000000004
1.521928095
1.521928095
1.521928095
1.521928095
1.521928095
1.521928095
6.519124664474634
5.889349106
5.057606302
4.503290414
3.957655416
3.425605006
163.747
163.747
163.747
163.747
163.747
163.747
451.8246828
283.7204433
217.2638591
153.4867323
133.0
133.0
114.316928
62.47624511
52.82840237
1.0
1.0
12.545118681809738
1309.33
709.587251
179.7686774
96.50549010315618
47.94537184
36.66366174756326
46.40375956093006
290.4457198
235.6758186162179
79.8974073
90.6844595562861
170.91105885695245
155.9457286
94.51487567
24.74242508
227.7140492
10.818567211583044
77.50276219145005
58.67614488484932
355.165039041766
98.38521803
176.9618563
0.0
172.485355
102.7690698
378.4964965
128.5297163
71.86197243
328.9706495
146.3756687
39.28206812208652
65.41754959
0.0
32.02987656073248
172.485355
325.125697
117.074415
121.3273414
89.5881041
231.1495784
82.29225241
90.99550603
154.3016535
85.26353317
161.2249452
119.42833463907957
257.73542114063
261.2015039
30.066136454698665
10.767394770918331
36.41611111
61.23498479
32.81161382064771
13.58226616
78.05449026999132
246.017083
2.191322137
84.49235217
1.859361733
161.5247308
2.047863715705222
39.45740081
1.5
84.49235217
1.5
10.55612892
1.389249267
197.0
288.0
362.0
467.0
563.0
707.0
960.0
1274.0
1651.0
6176.0
5.153291594
5.80814249
6.362165663
6.855672199
7.393801411
7.598023319
7.962568054
8.436105145900761
8.950354526825729
9.42627550495708
10.360586990622595
253.330781
148.04732400000032
21.0
2.0
1.0
6.0
11.0
2.0
1.0
1.0
2.0
0.0
1.0
14.0
21.0
2.0
1.0
5.0
7.0
1.0
1.0
1.0
1.0
0.0
1.0
14.0
10.0
0.0
0.0
3.0
10.0
1.0
0.0
0.0
0.0
0.0
0.0
0.0
6.0
0.0
0.0
3.0
6.0
0.0
0.0
0.0
0.0
0.0
0.0
0.0
21.0
2.0
1.0
6.0
10.0
2.0
1.0
1.0
2.0
0.0
1.0
14.0
21.0
2.0
1.0
4.0
7.0
1.0
1.0
1.0
1.0
0.0
1.0
14.0
3.0
0.0
0.0
1.0
2.0
1.0
3.0
3.0
1.0
1.0
3.0
3.0
0.0
0.0
1.0
0.0
1.0
3.0
3.0
1.0
1.0
3.0
3.0
0.0
0.0
0.0
0.0
0.0
3.0
2.0
0.0
0.0
3.0
3.0
0.0
0.0
0.0
0.0
0.0
3.0
2.0
0.0
0.0
3.0
3.0
0.0
0.0
1.0
2.0
1.0
2.0
3.0
1.0
1.0
2.0
3.0
0.0
0.0
1.0
0.0
1.0
2.0
3.0
1.0
1.0
2.0
53.0
0.857142857
18.7691
444.8963
779.36
779.36
42.0
32.44444444444446
21.27777778
15.1
6.653055556
5.834285714285714
5.083333333333334
3.742252457
3.3406250000000006
2.719620447
1.25
0.211640212
0.1875
0.1511111111111111
0.104166667
0.0612244897959183
0.046875
0.037037037037037
0.03
0.024793388429752
1.25
100000000.0
100000000.0
1.0
0.5
1646.51375
8.044394119
132.0
6.490723535
7.362010551
8.350193651
9.332115429
10.32957195
11.317701022820753
12.31531711
13.30632193
14.304258043421532
344.3795262
5.579729826
2.5649493574615367
6.959398512
5.198497031265826
8.619930269
7.581209826196346
10.44758353
9.846652616
12.329895184393587
179.2488572
1727.822894
210.990601
212100000000.0
257.0
658.0
787.0
50.0
27.94444444
16.85906329
7.0
16.85906329
9.847222222
0.943209355
1728.99
1648.79
1727.822894
670.0
4.0
2.0
0.0
2.0
1.0
2.0
2.75
3.363636363636364
126.9147408
32.067
3.047123375
-0.077557891
2.988726152
0.6482
14.11547033
7.591
6.843639188523783
5967.702561
90.87199956
69.52950095
70.34599753
57.85533759
40.12578046
41.11137902
37.42550691
37.42550691
32.3458043
32.3458043
21.89850377215459
21.89850377215459
3.999220779
1.9399999999999998e+33
102.2405608
53.02887749
18691.48102
709.587251
179.7686774
170.91105885695245
155.9457286
94.51487567
24.74242508
113.2147035
96.50549010315618
47.94537184
36.66366174756326
46.40375956093006
290.4457198
235.6758186162179
79.8974073
90.6844595562861
227.7140492
128.8600978
10.818567211583044
77.50276219145005
58.67614488484932
355.165039041766
98.38521803
176.9618563
0.0
172.485355
102.7690698
32.02987656073248
172.485355
69.60563934
378.4964965
128.5297163
71.86197243
328.9706495
146.3756687
39.28206812208652
65.41754959
0.0
325.125697
161.2249452
14.383611552215466
117.074415
121.3273414
89.5881041
231.1495784
82.29225241
90.99550603
154.3016535
85.26353317
119.42833463907957
35.69281596
257.73542114063
261.2015039
30.066136454698665
10.767394770918331
36.41611111
61.23498479
32.81161382064771
13.58226616
1.0
122.0
30.0
46.0
6.0
21.0
21.0
10.0
6.0
10.0
46.0
26.0
46.0
53.0
6.0
21.0
21.0
21.0
18.7691
444.8963
6.0
22.0
22.0
2.0
2.0
8.0
3.0
25.0
6.0
6.0
20.0
16.0
2.0
1.0
4.0
8.0
15.0
5.0
3.0
2.0
3.0
3.0
2.0
2.0
1.0
6.0
22.0
16.0
2.0
4.0
3.0
0.0
1.0
1.0
10.0
1.0
15.0
0.0
1.0
2.0
11.0
18.0
2.0
4.0
6.0
1.0
1.0
2.0
2.0
1.0
2.0
4.0
4.0
1.0
2.0
6.0
1.0
2.0
4.0
4.0
2.0
0.0
0.0
2.0
3.0
25.0
25.0
2.0
2.0
4.0
1.0
4.0
0.0
6.0
2.0
3.0
2.0
2.0
1.0
1.0
1.0
1.0
1.0
39.0
2.0
